,email,phone,work
1,93.31,99.00999999999999,16.13
